Namespace(batch_size=4, dump_dir='dump', gpu=0, model='pointnet_cls', model_path='log/model.ckpt', num_point=1024, visu=False)
Model restored.
----0----
----1----
eval mean loss: 0.499019
eval accuracy: 0.886143
eval avg class acc: 0.853651
  airplane:	1.000
   bathtub:	0.900
       bed:	0.990
     bench:	0.700
 bookshelf:	0.900
    bottle:	0.940
      bowl:	0.950
       car:	0.980
     chair:	0.970
      cone:	0.950
       cup:	0.550
   curtain:	0.900
      desk:	0.814
      door:	0.850
   dresser:	0.651
flower_pot:	0.200
 glass_box:	0.980
    guitar:	0.990
  keyboard:	1.000
      lamp:	0.850
    laptop:	1.000
    mantel:	0.950
   monitor:	0.960
night_stand:	0.721
    person:	0.950
     piano:	0.910
     plant:	0.740
     radio:	0.700
range_hood:	0.920
      sink:	0.750
      sofa:	0.970
    stairs:	0.850
     stool:	0.800
     table:	0.840
      tent:	0.950
    toilet:	0.990
  tv_stand:	0.810
      vase:	0.820
  wardrobe:	0.650
      xbox:	0.800
